Hello from processor node-1[6] 0 of 4
Hello from processor node-4[6] 3 of 4
Hello from processor node-3[6] 2 of 4
Hello from processor node-2[6] 1 of 4
procs[0] sent such matrix to procs[1]:
   1   2   3   4   5
   6   7   8   9  10
  11  12  13  14  15
  16  17  18  19  20
  21  22  23  24  25

procs[3] received transposed matrix from procs[2]
Here it is:
   1   6  11  16  21
   2   7  12  17  22
   3   8  13  18  23
   4   9  14  19  24
   5  10  15  20  25

procs[2] sent such matrix to procs[3]:
   1   2   3   4   5
   6   7   8   9  10
  11  12  13  14  15
  16  17  18  19  20
  21  22  23  24  25

procs[1] received transposed matrix from procs[0]
Here it is:
   1   6  11  16  21
   2   7  12  17  22
   3   8  13  18  23
   4   9  14  19  24
   5  10  15  20  25
